fx = 0.20606971498940432
x_S = 1.1252808349027146
y_S = 0.9598514775764002
z_S = -1.596915494698743
