fx = 0.20606977805890725
x_S = 1.125299780290939
y_S = 0.9597181918334485
z_S = -1.596967599355829
